
method 0
8
info 0 110000000 17449654234506 0
info 1 91000000 17449654235153 1
info 2 70000000 17449654235563 3
info 3 500000000 17449654235979 2
info 4 230000000 17449654236368 5
info 5 100000000 17449654236712 4
info 6 9000000 17449654237097 8
info 7 990000000 17449654237499 6
info 8 1100000 17449654237864 7
0 69792179 8870537 17449732897222
1 99666109 9427000 17449763327615
2 122371945 9905308 17449786511759
3 284779675 10346546 17449949360727
4 359507827 10867578 17450024609911
5 392019647 11346577 17450057600730
6 394950792 11777629 17450060962927
7 724762359 12197432 17450391194297
8 725120593 12815192 17450392170291
ATT 17450017626164 AWT 352552347
method 1
8
info 0 110000000 17450393642149 0
info 1 91000000 17450393642419 1
info 2 70000000 17450393642615 3
info 3 500000000 17450393642811 2
info 4 230000000 17450393642980 5
info 5 100000000 17450393643136 4
info 6 9000000 17450393643297 8
info 7 990000000 17450393643494 6
info 8 1100000 17450393643681 7
8 358375 3337045 17450397339101
6 4613616 3845214 17450402102511
2 27445157 4332664 17450425421502
1 57025013 4914035 17450455582729
5 89463506 5401055 17450488508242
0 125212285 5894824 17450524750790
4 199832705 6402562 17450599878948
3 362224349 6907578 17450762775608
7 685380880 7458277 17451086482838
ATT 17450571426918 AWT 172395098
method 2
8
info 0 110000000 17451097245661 0
info 1 91000000 17451097245971 1
info 2 70000000 17451097246158 3
info 3 500000000 17451097246376 2
info 4 230000000 17451097246573 5
info 5 100000000 17451097246792 4
info 6 9000000 17451097246961 8
info 7 990000000 17451097247128 6
info 8 1100000 17451097247327 7
0 35760981 3960489 17451136967131
8 358232 40260669 17451137866029
6 2956152 41044911 17451141247855
2 22740382 44578992 17451164565345
1 65511170 32050737 17451194807568
5 32477106 98111888 17451227835152
4 97346424 108333727 17451302926122
3 227820583 140678512 17451465744756
7 549117693 141176906 17451787540260
ATT 17451284388913 AWT 114898747
method 3
8
info 0 17451097245661
info 0 17451097245971
info 0 17451097246158
info 0 17451097246376
info 0 17451097246573
info 0 17451097246792
info 0 17451097246961
info 0 17451097247128
info 0 17451097247327
0 35726586 17451792294236 17451828020822
1 29568245 17451828584416 17451858152661
2 22758898 17451858647113 17451881406011
3 164355406 17451881936940 17452046292346
4 76046869 17452046826584 17452122873453
5 33824908 17452123373418 17452157198326
6 3042604 17452157700092 17452160742696
7 322622620 17452161167939 17452483790559
8 391419 17452484341015 17452484732434
ATT 17452113689923 AWT 76481950
method 4
8
info 0 17451097245661
info 0 17451097245971
info 0 17451097246158
info 0 17451097246376
info 0 17451097246573
info 0 17451097246792
info 0 17451097246961
info 0 17451097247128
info 0 17451097247327
1 35722851 17452489492589 17452525215440
0 29539276 17452525750682 17452555289958
2 23739045 17452555778361 17452579517406
3 163571259 17452580450431 17452744021690
6 76189289 17452744517744 17452820707033
5 33869417 17452821234423 17452855103840
4 2973142 17452855594135 17452858567277
7 322917195 17452859010396 17453181927591
8 390525 17453182431012 17453182821537
ATT 17452811463530 AWT 76545777
