
method 0
8
info 0 110000000 35608921337468 0
info 1 91000000 35608921338327 1
info 2 70000000 35608921338795 3
info 3 500000000 35608921339355 2
info 4 230000000 35608921339788 5
info 5 100000000 35608921340251 4
info 6 9000000 35608921340682 8
info 7 990000000 35608921341166 6
info 8 1100000 35608921341663 7
0 57105412 8764402 35608987207282
1 91380601 9449727 35609022167796
2 114421787 9969530 35609045728785
3 293978620 10475676 35609225791764
4 368785272 11018520 35609301141260
5 401409336 11585148 35609334331952
6 404330865 12088140 35609337756473
7 725970864 12545866 35609659854198
8 726340077 13105305 35609660782850
ATT 35609286084706 AWT 353746981
method 1
8
info 0 110000000 35609662147045 0
info 1 91000000 35609662147348 1
info 2 70000000 35609662147541 3
info 3 500000000 35609662147742 2
info 4 230000000 35609662147924 5
info 5 100000000 35609662148083 4
info 6 9000000 35609662148248 8
info 7 990000000 35609662148432 6
info 8 1100000 35609662148647 7
8 358382 3847957 35609666354986
6 3290214 4347829 35609669786690
2 38447930 4774927 35609705371504
1 81143227 5730048 35609749021922
5 114951355 6291585 35609783391587
0 153228188 6833830 35609822210665
4 229530741 7386623 35609899066011
3 395579262 8009380 35610065737289
7 734345154 8640048 35610405133849
ATT 35609862897167 AWT 194541605
method 2
8
info 0 110000000 35610406626862 0
info 1 91000000 35610406627224 1
info 2 70000000 35610406627411 3
info 3 500000000 35610406627617 2
info 4 230000000 35610406627799 5
info 5 100000000 35610406627970 4
info 6 9000000 35610406628134 8
info 7 990000000 35610406628332 6
info 8 1100000 35610406628513 7
0 35718237 3407917 35610445753016
8 358255 39684302 35610446670889
6 2952056 40455323 35610450035349
2 22740346 43843016 35610473210586
1 65254554 31416898 35610503298314
5 32480657 97165567 35610536273635
4 97444457 107423948 35610611495629
3 227386691 140153312 35610774166865
7 548663812 140777719 35611096068393
ATT 35610592996964 AWT 114777673
method 3
8
info 0 35610406626862
info 0 35610406627224
info 0 35610406627411
info 0 35610406627617
info 0 35610406627799
info 0 35610406627970
info 0 35610406628134
info 0 35610406628332
info 0 35610406628513
0 0 37423045 35611101084571 35611138507616
0 1 68374086 35611101681737 35611170055823
3 0 24000831 35611170689352 35611194690183
3 1 187714760 35611171213693 35611358928453
5 0 33902641 35611359471197 35611393373838
5 1 36971101 35611360827225 35611397798326
7 0 75855609 35611398249957 35611474105566
7 1 398607952 35611398735393 35611797343345
8 0 404748 35611797955575 35611798360323
ATT 35611413684830 AWT 95917197
method 4
8
info 0 35610406626862
info 0 35610406627224
info 0 35610406627411
info 0 35610406627617
info 0 35610406627799
info 0 35610406627970
info 0 35610406628134
info 0 35610406628332
info 0 35610406628513
0 1 30729259 705616096 35611833980138
0 0 67383799 706234947 35611871253529
3 0 23733801 35611871783921 35611895517722
3 1 187227447 35611872312762 35612059540209
5 1 2990413 962463737 35612063097613
5 0 35480555 962913227 35612096037245
7 0 74763137 35612096579465 35612171342602
7 1 396333334 35612097117743 35612493451077
8 0 370189 35612494074759 35612494444948
ATT 35612108740564 AWT 91001326
